562407
397771
649180
478503
778016
751796
107285
19622
183945
338387
392941
989074
737129
250086
442578
651310
189651
872072
655876
408306
856397
556169
912218
975692
461258
271551
811756
722566
209672
417910
393930
772080
815681
559462
250583
110049
311259
874221
129671
11556
728960
38964
630
466090
289051
959560
117400
995054
347984
289628
919713
204382
362149
831931
696426
823408
619834
24534
62326
829507
442444
972609
117939
774477
532071
884874
884526
843330
275447
530549
371238
4408
569513
888220
470498
858564
847781
104250
369971
195765
393878
289684
916499
272380
637967
129277
612140
257802
153811
674466
603661
596255
647075
721600
370732
179147
122826
255258
538829
398274
785807
426420
402682
355321
314640
389532
730237
162421
10134
100208
874539
404012
906244
791038
192744
544212
920316
804884
802014
74127
479351
405675
186735
126426
643627
557467
821925
282805
329078
877107
681079
631237
303527
600113
502910
618167
505997
233148
296941
516131
849708
171480
436496
755953
478870
629240
816517
915538
434125
618531
506018
913476
540558
692753
556254
700537
766572
894532
983342
95650
287991
180774
243240
107870
780887
746150
242389
803237
495650
539330
319368
861711
227162
272216
617664
222385
901457
950533
137923
851934
569064
643941
281762
625974
853046
838016
842863
619619
248900
826205
231621
53243
6979
474861
161113
304219
221012
403503
623808
233014
459185
943176
94725
202700
731745
228741
425085
633202
179274
563008
485136
264690
723302
766898
890664
92700
121266
733527
712319
886519
76085
460293
939762
599416
935154
617228
419987
672518
20731
43795
421885
996268
503324
516610
198968
235069
745352
140405
384623
440978
703414
386111
705669
943068
669361
596333
35768
306979
846213
264440
193498
438650
724733
649613
38066
176239
266841
974406
365110
803924
18201
786995
316544
37877
819957
515513
789298
565309
655918
690273
522640
875684
76384
228309
335104
745745
340994
887225
569077
703559
151665
762575
142209
392750
928540
696628
85341
711733
671034
450451
515657
205587
753798
832202
759817
573756
864067
549115
655417
36337
239389
178057
428374
832125
406366
279830
94223
263713
167055
663300
967272
835072
942227
109482
744174
870768
322462
829516
582501
993496
796319
614511
715435
66470
963065
475252
640226
343484
540720
811995
896173
296461
990053
840899
128586
912771
120730
739161
176484
804137
402461
660109
155562
344689
285943
899736
731809
608405
245604
830662
118253
558276
961525
833688
624746
440942
825293
781324
784426
882365
593319
196952
695178
583372
37851
823764
12496
674933
562926
705332
479071
481739
365441
634633
342780
651384
50721
590941
259789
296326
937956
378042
370954
899481
728083
995700
340424
69728
777024
641202
468445
370343
838154
163623
470068
392358
503739
998916
67291
583017
704248
62714
64757
69690
697347
407537
237426
264421
514831
497216
77099
452787
391610
448053
352268
636045
960105
209044
222125
737129
366599
206922
623824
721105
370545
610244
113463
390637
609160
697107
973654
313409
759821
38411
899451
973521
962301
136877
237942
477132
150445
315041
929919
542056
763094
798539
694453
723199
523936
432931
976680
890535
639853
116856
611640
10399
727101
241456
401036
336261
938563
891042
649670
698384
929454
65473
671905
408107
202351
909847
401591
352796
741240
847862
411204
20686
646401
622010
260237
170337
54941
236917
60872
211146
353774
188865
221545
80875
430321
138933
933488
368884
29976
583159
67268
475782
164984
255526
400241
367335
165373
801832
236484
906614
649694
164040
927300
812447
302402
187538
499137
873695
940807
76361
84842
810933
265226
822739
408160
211899
961673
341649
580783
508001
924808
164404
500135
606144
419930
900376
973480
101655
218560
726316
8269
384606
406708
451922
197053
709111
155812
696190
582806
612971
288904
667648
423905
554130
490388
832065
766030
968413
173714
863165
992766
614874
27569
492901
221019
963851
909629
710851
65507
128189
953519
590128
512795
360227
42050
226200
585690
714214
438743
168497
327186
727647
352497
267443
281777
359237
99508
564159
844002
789575
427325
836768
404449
971246
846021
141820
935098
755650
852671
516957
883839
806190
107085
912986
682770
665488
139187
268460
379702
577930
953309
223240
305577
822159
490683
103706
697748
590192
184218
541751
379767
611543
894871
300568
99141
740893
442389
550591
496543
295060
67548
896735
617603
174634
326073
300373
840122
981612
85185
219824
559542
38495
443065
381471
860654
450100
1530
558402
40292
185748
616505
936411
313643
511377
236980
412784
768622
195721
963376
781517
490781
30924
194604
624736
205558
520678
441461
562032
502290
526647
781857
578185
81494
741274
476008
458500
191374
477538
533254
748019
663286
149760
200782
976929
177489
954114
906066
462463
149835
869442
243980
156969
416718
954937
781705
622277
475615
739519
700661
494257
266166
482518
588794
347660
740144
64803
322512
447871
542341
855766
712242
721980
5526
429376
215261
699367
383491
121327
161830
533326
507121
922163
690295
923840
877100
988353
62469
869067
244224
763130
363324
510390
762001
468471
374402
18497
533274
696914
982720
591967
552680
694962
830299
74559
124339
45561
773926
24182
683240
452109
557508
706714
890624
764156
146906
767724
268861
725727
636791
513085
5209
516467
539827
767210
501290
430581
302060
34564
127495
284780
142884
196527
496095
973183
787438
136786
18744
77717
160968
218337
529826
234828
441403
420450
515336
588309
704526
784197
314036
857669
813634
319245
890488
353461
602808
391779
784042
421220
426343
427889
706000
569227
624417
718447
58763
928207
855233
77507
5924
532553
812196
535750
767382
253599
472552
799070
358260
177078
583268
672296
34747
913254
507894
441588
266716
627054
833367
567110
48274
259710
995000
270626
345290
135769
989074
404053
63976
360659
997912
586253
409565
326461
122003
693299
96412
110908
492369
454673
804338
591989
643321
355438
505244
667567
797026
288312
294621
630393
855422
859247
406455
366774
129874
751745
18895
635300
672150
599224
512311
186415
185477
921876
29228
823832
615175
125640
934740
623897
580313
739079
215886
739987
94517
721130
407554
891543
525794
218528
38288
897569
77775
444743
264343
207649
712841
799591
359301
384991
915167
871613
87758
100644
793489
116986
440828
925017
758979
375569
548914
339292
631000
281152
595631
241869
518635
3186
649764
44429
738066
688052
941998
815841
132795
722694
23491
845636
38637
382792
746980
953804
770757
351090
54448
564247
468077
495276
5616
227056
387197
70882
82700
534549
352034
194684
776418
387021
714222
426182
947803
452288
630586
889801
268129
763382
128847
807972
125370
167484
707117
872350
121288
477874
223441
692088
558473
207870
703717
564089
951278
607266
151323
550330
141816
19710
745014
434586
406731
459236
860769
354534
911524
491355
760688
696006
771089
889535
503978
896460
57020
211095
768810
694660
205322
508603
903101
763795
232825
606818
844237
184103
214084
995560
734434
872252
15270
995800
306839
938354
455037
167608
292888
882913
175315
53576
95271
946405
459464
599250
359217
32836
326697
644379
243848
48371
152983
146949
812167
902160
753767
172756
86264
484204
168316
337050
356456
699939
849202
663295
638293
820591
347255
447533
703505
522571
17462
315128
985328
476926
914378
860897
26114
757428
505276
269962
805799
174611
416912
134318
76772
687031
307074
679388
171235
991743
16438
527692
691682
381992
707339
846327
202584
54595
293860
906089
93518
827674
221217
595198
304600
651948
456095
330714
925728
477723
117029
247879
652335
533941
898550
729107
737324
721976
408495
908560
713719
941285
952604
921753
323277
659943
284432
42213
230890
94645
948302
324408
922319
685872
435958
226920
854172
408405
73986
296252
886129
707367
544131
538464
757660
959033
783923
494985
681010
708770
403545
394729
650055
872501
832835
489684
532444
117267
531898
279687
211912
996552
120447
134232
198776
556406
877504
569300
964811
467842
865552
367292
175210
926036
905756
932870
885069
689679
427855
566079
914801
347752
477161
564856
220253
309996
570893
269050
943615
619143
548737
155528
132047
669184
806112
330824
741942
683616
416476
223106
667810
798381
590398
843020
724417
12507
775891
125838
218538
720098
208270
133340
67851
685431
214548
288104
511779
301793
73506
455394
920936
622243
127274
52984
807780
933386
900160
66074
133354
832988
805532
801165
631369
912283
644185
355786
924790
936428
997977
659680
656527
206247
309372
240730
408030
523921
45186
919809
342066
118693
375203
263003
257288
502478
832339
581420
952216
248851
647495
85571
81839
453027
886736
713209
365310
530921
585347
806452
983702
583324
982485
156581
305923
291857
913663
713953
332130
958849
633762
674197
593894
525318
453552
367535
27796
285891
948955
980012
534742
596450
581935
132933
565830
468671
846142
447492
515945
431490
770297
499647
531166
752782
172580
837090
44639
86243
551043
893122
561444
701158
567319
155339
226476
20871
522874
770624
823114
988181
266988
357856
584632
848924
7141
666814
317595
853284
630658
349892
801126
400955
365891
332292
670089
538471
685734
231081
141066
753130
124203
702511
454288
691522
857850
197116
228745
897076
967740
51859
885257
234728
926067
986241
83652
933208
169407
917600
302844
800066
267492
103970
717373
633384
952615
387463
171855
154701
134896
312922
907831
259099
531785
878471
466973
905987
591939
695718
803063
559679
747577
204672
310760
673644
707266
394412
123204
876673
312012
426049
193091
95857
530019
426817
729241
998986
330632
417448
153688
465528
730370
577871
724627
262155
456343
191600
168142
564634
403670
487557
124314
151247
208582
435074
341243
915848
345838
464447
308873
174203
406848
501965
270060
453220
928782
999301
452206
775766
416749
605894
241294
663472
183766
482273
441979
156461
190225
126474
721095
593895
614031
361761
261494
338965
313187
119089
254813
659026
99888
563687
349581
506737
582004
619641
959957
27138
135294
412163
802904
68395
534410
44198
731867
234528
42823
690199
390989
233048
816673
628436
343295
947056
506550
604789
286022
819737
723878
540835
995115
823766
620874
344696
846855
202878
964337
806812
230016
615983
735328
32920
684379
269738
593470
416246
504266
152645
106445
411607
385693
439470
556395
245340
386527
62945
850129
188901
399035
90359
246088
394150
430478
866963
738847
277333
69841
219536
600498
816210
835520
335826
849130
519899
605564
958953
452497
626182
111598
75295
554141
13644
31117
110536
258984
417644
173482
625466
606545
88869
232177
852634
483019
179007
235949
738218
456341
822142
957755
56839
638352
309627
909017
3835
345878
514581
962788
314727
657115
590738
390022
211256
120734
421140
321792
896071
355136
11626
37889
478034
100495
786418
847020
99867
965426
82969
838085
938119
905111
795840
994958
59816
621819
903975
63651
967697
934908
542791
282425
592023
133529
188799
319631
770616
126291
641423
666687
997780
169402
220928
475814
269897
7346
839186
369764
972772
438507
724202
910891
859970
520042
422201
919786
658214
842528
983437
625911
777436
526228
424688
885811
176110
613488
205442
463078
739779
363218
646117
253911
532620
867045
729725
318869
874391
85263
204986
847164
523770
929188
758055
383741
965582
180257
303527
623796
22785
803317
766060
316574
845897
190748
718737
538359
804236
440532
1437
60368
803750
647554
314279
852722
514599
560357
687943
388991
645620
892929
752507
685743
338469
510562
69484
820404
207171
889363
444200
746309
692680
726612
62883
54930
917361
297972
593289
721597
738504
111079
298317
58606
274985
128949
911328
305937
689306
599272
211280
851278
8553
963787
537021
863375
990701
606505
683779
197873
12221
644331
944182
221253
370944
523417
276183
288305
821389
869473
526254
559894
496904
340924
618500
771889
469873
46181
77826
159179
161805
289106
526809
686710
769245
63831
550085
759947
186688
233864
957820
198909
394548
418354
420163
765492
941771
696346
53797
279512
82171
96403
355758
95427
437327
974259
867317
907200
536792
461495
582731
698597
266954
109541
385307
36199
689724
451745
796146
876412
201961
270318
75322
596509
688672
11837
362001
146795
708183
932150
426308
306707
544906
782066
402134
982233
272677
785803
405786
325821
763651
504869
24418
30605
614410
926078
66804
304134
377823
379303
696899
579784
649621
772221
176294
854646
300410
54647
1441
524945
503150
944101
831652
48056
242520
750139
30289
31549
52294
952427
357371
815945
457297
381789
362902
71707
824219
946059
892194
202042
325362
105445
298179
974983
394018
990825
829629
694428
45472
347423
219373
64974
291524
567378
113030
534044
317517
659672
81946
886163
612099
439317
218461
69396
821106
581363
657456
645326
527422
66002
363720
369136
171447
178251
860472
565465
169076
690101
259893
730901
553876
479266
795875
361753
562996
908906
412149
396865
84930
494095
283029
697029
933412
501490
766426
270871
599205
940234
916197
642980
6236
796269
12116
694035
974521
872588
259500
659949
79042
35745
390850
632918
31363
703078
994671
594360
611984
406821
991225
213266
900916
790606
910295
834329
808448
193073
105200
407654
133307
537749
50634
655895
850370
62750
866282
341243
451691
125782
1193
530733
677879
908395
163651
709243
611473
674675
819955
739809
597848
811180
953075
498764
601787
863371
849445
926587
572796
470997
334241
706104
525098
384875
878351
375469
963978
744634
233064
415669
386768
234257
946402
581000
142653
626405
290243
270478
301080
626550
10288
898928
954082
963363
914045
555869
826734
279842
998809
399531
750840
333050
621987
792290
234278
16690
684111
714608
277676
917176
130277
180797
667785
593031
761797
810438
735788
568392
597269
553221
194942
607557
968501
149024
570920
398898
221246
914007
678741
220055
829890
945933
553105
968229
738223
303735
984919
422335
18343
778948
339511
664972
959745
7296
774355
721542
334087
510144
806286
931356
579717
1228
55265
548218
666604
626185
463469
887850
540192
142210
624257
886434
88143
693715
854663
342718
997450
355935
765053
532146
134883
620916
197118
610980
144565
487826
848874
995004
514322
655160
442712
94039
172740
497977
158609
839344
124162
622078
243547
180707
280640
867804
583493
885135
561519
438157
227854
75322
310444
509259
607468
445327
646528
320938
572659
791093
808764
421533
302449
323086
76693
745161
933477
249433
243138
92087
605129
883652
230517
848676
580711
511158
716481
164205
396293
794352
118714
140499
869674
429158
649759
477142
390837
296287
314433
963496
603732
123197
385029
906181
962636
978074
651342
896113
743859
410832
504552
348988
294484
735070
197665
391548
762580
914146
72105
158873
224850
190819
815725
94525
136329
981836
88019
527166
794475
402452
7014
398207
42002
908395
820740
4638
886469
988434
417103
146680
399266
921656
495668
210102
656726
693333
601650
419306
123831
673755
94531
348682
380926
426608
959559
517255
408444
47578
44421
202919
966383
567787
117478
8385
476182
938218
529375
879003
926652
946478
25683
842270
868134
521352
52373
41212
731037
170375
976870
371221
360483
587754
236255
741409
14362
195814
258665
422807
759744
819438
142078
726127
387226
259557
250864
379760
714127
780239
258764
640780
726718
284447
483050
594852
322151
51775
152417
53189
222151
129287
424410
582634
717041
177017
840395
731404
372831
99060
670563
648927
434851
328993
891407
338429
588550
142271
718189
819030
438863
493305
976162
681933
777753
975564
276785
616256
27340
429202
669445
765843
558490
610207
348477
791883
787224
188872
523287
676407
804285
710202
841687
755488
39196
733094
93917
144098
391717
328458
963128
830580
338116
939290
512513
115869
914855
305651
248477
458547
251205
917923
224390
326047
44482
572867
117931
348059
278091
157570
540818
598728
867773
382505
870568
906969
631951
480837
51067
23669
809296
530548
370601
147412
469838
399467
779633
901045
221470
28110
359592
989027
462385
583982
831427
506868
673201
949358
371279
467645
623280
912097
66373
7405
810955
936942
914374
442906
417779
481794
466575
743427
528694
353529
407191
514884
269348
703176
415930
490818
731287
291874
996197
710024
392209
827624
733244
65410
776982
104523
533055
916615
532973
115781
924020
343928
569075
354747
786834
503206
352893
769762
762986
881587
639643
170177
396471
908991
873354
328753
916161
120993
136980
912358
347369
529189
739983
80614
110951
33317
701489
644007
949932
234462
276140
873953
578390
361567
745052
881577
864773
97945
651339
627759
495884
807334
314289
408707
716325
187643
737461
632486
824988
390793
544844
172357
919982
284827
769323
30933
834497
470813
191292
784429
705275
983784
174734
800018
345351
919786
197947
210125
534083
365638
354236
29967
172972
668525
955027
889297
372520
692488
38135
197508
599633
582979
886218
519615
384159
655541
66900
218656
126354
258193
519437
347982
758329
694172
664352
103681
130310
862299
830158
180746
227937
700746
727065
400909
369272
682092
806558
741792
890932
844693
455653
490565
944024
341871
526532
844535
997412
593433
579543
640119
367978
98981
988101
126307
309505
652453
746340
956167
31104
92850
136913
775393
793597
380331
692654
162869
62423
499212
421013
469708
860257
393018
476625
320633
251241
3158
165169
248654
596591
744712
405125
480921
360045
393226
123580
669550
562031
869921
625718
109487
962771
278983
884880
756368
175666
577534
435589
754442
76746
372955
224150
453355
282325
700775
773988
533567
220285
939157
298573
333228
200222
703698
814149
560267
613276
937730
746170
175307
324003
888240
801146
286774
683575
686026
559495
859242
263560
511436
613684
856658
400743
354186
826365
683069
571313
600353
216636
791599
55863
515209
124827
256085
218907
938977
332704
348535
393059
78874
523842
717062
967114
324988
520188
167042
527366
596035
26284
790926
623824
639968
163936
540919
510506
990301
223988
81819
107006
956976
873418
162869
988537
514598
935306
723796
969927
784363
72331
362986
863237
112525
596400
346704
953865
632940
513746
481231
745328
56382
788509
369152
212702
468797
426423
723208
459098
166764
805027
82457
123740
194798
245326
112278
709396
696985
836074
679323
481348
424758
42309
860937
537283
155061
723993
491149
788001
754091
972380
49681
810473
277242
935185
23175
746039
361609
262735
721490
528373
67763
803947
652113
262561
49273
280743
971957
262610
633170
651280
743958
57928
209941
121248
595211
881354
845241
602712
185707
115685
91445
235389
926158
368687
170574
465686
114726
48535
728421
836216
576908
312536
640163
745374
575097
205789
542469
63406
984751
175639
231038
245062
749919
957331
366310
861483
838685
727903
464195
24393
843588
555640
776134
286099
440679
463060
268137
555406
511596
512910
907974
88504
825447
548138
350230
916896
270279
892700
496655
255030
584691
244045
500092
850963
201377
382754
712446
556414
110658
692993
97159
470598
764986
873293
756697
205665
336354
541186
277423
364302
54097
185398
969158
395896
249888
319389
829144
520167
728441
842151
291549
829484
86197
791642
680447
287574
174396
909245
360340
801406
602239
457500
272005
883577
847145
545054
605594
699851
602593
883018
64153
656690
584768
33312
568938
834656
869053
914434
871175
597494
756586
162724
426978
842783
470718
107426
646709
161467
16671
7049
962873
135262
980901
751230
535191
828047
812637
140786
527898
415230
540156
592052
588272
124924
141716
157210
475932
10769
587996
347107
608263
344582
26183
551593
187365
13254
175371
350426
174721
708395
357476
653946
360009
338377
921529
895201
682776
734166
552339
210675
149396
92495
319079
254020
733771
460795
927582
209703
471564
515578
73162
596179
860161
615697
147772
563878
628951
323144
914305
320024
31539
788133
490323
391548
642862
411852
803101
325639
662370
355440
536314
328118
447935
855393
582138
698058
316188
509720
424113
304104
25298
497275
900283
401811
629325
48055
965690
774628
887551
396347
94653
435442
184480
584976
343343
827342
513180
146444
152981
175550
501885
205647
20020
466172
577392
602158
164231
893580
628230
588344
197684
169880
601972
614319
571692
747649
178727
53734
522277
66278
450081
133282
501721
634561
234610
845064
978255
747790
991508
647589
439692
9745
853236
459712
475918
430629
578222
156501
840561
722804
261197
554598
892685
863169
168917
464377
610818
347644
518111
649448
930275
484544
782730
431996
119105
17341
793412
613712
281483
301272
261301
237528
311018
630890
213592
303288
577871
791815
976141
934784
514619
237338
5734
923656
616860
691004
388033
744030
38648
422496
393478
485275
907040
176209
433623
542497
709902
227035
156210
507737
44660
933863
745265
872030
81105
958858
691670
175328
267025
667811
110113
781644
905149
115847
221653
522009
806851
609686
266040
361852
548535
175870
847127
971927
868431
797103
514425
578333
24138
186987
602423
585150
637202
347688
457180
718308
306546
148850
893636
573571
333013
520101
871568
754515
635949
93221
276524
959152
219259
58916
321004
767794
751139
684484
739722
619570
481587
770499
714256
22077
473838
316679
607228
111040
664367
580760
345700
487266
245963
239337
60837
578976
759438
448757
333491
911739
541978
126368
870892
277590
701636
708248
561736
452775
392732
817810
72346
874319
588309
786602
896397
62147
619633
19977
689540
284000
600737
35240
771266
363052
274577
348456
942029
550368
797213
791872
978459
855544
434592
365703
133134
136229
73952
694870
589004
466684
512681
177702
341004
617342
480656
753753
679490
100289
290082
885382
900642
890819
920622
188260
770224
195200
536716
228605
261920
333930
20477
756731
705826
971422
122435
838960
107651
196387
533830
213007
663071
562863
907062
520427
180206
904070
790532
376048
4360
80614
261430
421354
487786
182052
609614
258010
893604
146331
486615
671876
996613
23444
428608
702439
994866
67395
57751
618869
263782
107933
348229
443205
670797
255291
479985
367355
159361
270517
259755
680073
351132
521185
101427
838918
219589
227394
613280
629546
890077
99895
817774
886690
639691
246382
105481
634558
830129
163232
253427
93911
787517
118008
53469
458314
373299
533454
825669
49013
803971
601776
245438
671455
122961
346866
26725
858903
90612
640005
488449
980689
256252
306223
383731
895944
68958
489212
530502
415439
168796
300281
25703
956313
418290
79172
930980
307941
128978
273001
873306
449301
874778
118745
120757
514091
981963
147482
372994
72575
303840
377795
53264
560092
200371
436995
456036
785681
442559
502890
201120
127707
803172
226823
84020
737814
822347
531352
562107
951325
804354
435414
400627
679132
70511
37736
193223
52474
701570
82570
641401
5410
460365
211017
81855
177088
648012
537891
962769
606923
557134
163890
734630
360306
907065
335002
614472
729413
866355
692931
197090
187061
644697
114069
866193
715208
151805
575768
284034
369728
658338
441787
375138
635056
652804
456993
812144
817168
511237
774914
424091
68371
455156
675073
945029
878573
526428
75853
124338
909135
768784
837781
96196
413482
951850
478741
645042
620008
54509
445429
989736
229200
887216
364874
380608
540021
338220
192752
873541
365809
484018
297633
950532
455526
489058
895561
850452
15486
971414
974790
924621
256550
812571
537169
186384
280774
15910
831427
900782
70420
276856
890518
815972
164072
771744
196580
220445
626316
905684
93987
992125
389703
907972
942657
361581
913382
354570
212033
445221
842336
703176
369842
98887
515747
423364
285271
796521
439274
633050
697303
26046
909906
104173
842018
590331
875918
554950
327128
18586
460635
937467
10712
366690
845439
469721
728271
275174
824292
456657
720395
666628
159833
606589
765515
191932
29953
567139
504806
469228
200189
202109
495274
626448
822635
853645
216779
214905
408595
60259
233491
385582
997727
760555
752272
359518
230277
996896
634692
570921
969905
355087
237549
129738
478029
519417
838022
507982
602908
342828
977210
803097
61290
988837
429545
883925
358834
162676
98830
283781
739288
848673
669364
737015
609229
937988
612885
355858
934884
247578
926779
421141
119017
680680
67231
597046
200097
905254
105029
803005
248082
598591
122455
309372
103780
68352
709649
462614
231029
324831
746396
970317
173505
932112
223684
299086
870100
836569
654944
321337
600499
98075
742478
719517
778755
809710
832915
495205
231316
454296
814562
479398
52888
937017
305123
673020
5370
14772
651987
752751
339604
914735
239420
29461
846847
463104
844899
716947
816025
16195
554636
416525
114270
297115
652394
409377
623177
485309
420934
854493
939606
235497
850243
508846
688866
155366
181866
210588
686491
350205
479691
542447
264940
719111
88260
111787
698567
933159
345087
30945
465706
899723
447470
579976
713190
616216
505705
852719
101525
926640
707212
557483
162137
73808
582681
367355
745526
280900
577944
948369
631105
57635
490816
896046
293099
95428
7833
991666
544939
869272
22611
10645
768996
986433
590621
482186
602649
612679
334906
220527
539319
558470
778010
217808
148630
877044
585163
894157
157944
679459
358878
789049
253447
366047
685095
546546
461475
209281
54564
6415
78553
77176
17060
363901
579961
124034
362440
182611
736713
697346
919490
276032
772168
213852
10192
920799
90896
111707
331308
248840
791167
690186
37890
44614
56233
239337
107512
34061
964970
162076
40476
559876
239252
57536
923777
819214
697922
286217
518177
434635
499915
437667
227019
788436
651519
237211
709235
742416
348919
556895
507608
656438
763433
545498
701052
336019
301188
808564
370080
782510
486992
926908
342386
726245
500796
266164
61811
198719
68733
96340
633354
85001
50359
376726
873437
701878
613937
582672
960646
479208
655919
984607
135646
935704
530105
353050
271723
347645
677966
158155
130156
164959
85063
988894
407556
585860
771410
985719
300931
840144
82059
450637
925145
132418
827363
798582
350648
957653
897606
827647
953213
69877
812254
605212
5581
858711
958262
277305
722709
152581
951812
852865
833892
36876
841759
757800
139088
613170
743519
440019
969666
825578
890656
411163
474348
234372
726097
341348
192025
623703
168995
661590
209932
497601
266802
215513
872665
741417
9170
595374
893998
960983
964591
244242
514211
322702
2042
653299
452224
745561
609670
421890
87491
16678
833053
78191
251050
559150
419539
959427
699205
104887
621018
909137
118840
887820
641003
991505
145589
166525
586879
555939
643860
551470
800181
158071
874173
802223
327722
842749
64136
453744
264640
151627
470423
614045
746170
237825
689548
165710
197253
905105
786949
334623
330595
905789
738795
971598
897295
884385
654475
484174
440324
298336
551997
756858
972759
942522
559081
300482
785271
139570
754226
566263
807549
741001
180309
553720
978827
386209
719430
692432
291314
506379
543407
621909
412168
282202
109859
825815
682939
280687
309990
639616
579023
378339
396474
551782
320861
471907
368616
106132
611477
639195
672396
419027
380196
369057
972747
875375
755266
208529
567807
562932
231260
111214
701194
643428
909769
327405
469244
109060
608092
295586
748676
187115
673925
145150
255250
511138
133410
623866
133622
744887
263061
322370
680266
159610
691427
653013
34985
963045
861542
602793
525978
609154
230359
743524
768935
656480
70929
754531
765541
679022
50117
514217
382489
240394
175720
154091
751532
309130
777958
401506
54017
557371
723877
250636
716981
415304
903649
751967
894702
281544
871112
420680
890698
101471
680556
659633
757952
751485
414164
523493
946859
980633
554062
329349
737379
729782
999792
5263
555264
777750
406770
125634
851474
130647
376270
568455
545951
796271
320422
440653
77815
707886
377685
484866
809358
58241
660851
83662
326079
591368
123507
272938
572001
677569
118639
825733
923704
118432
830996
995320
412534
237766
120954
264008
368413
13576
832464
430717
809848
669238
387722
404015
377125
765408
888881
702835
340001
549733
786497
666080
141101
426356
455371
229454
620277
574010
55187
60333
692442
886184
55654
621329
640302
692960
885337
8716
706537
717801
955785
516385
903392
343507
920400
280517
625267
325634
983352
481621
391719
286201
147701
